|name        |ra        |dec      |trigger_time           |t90     |flnc_band_phtfluxb|flnc_band_phtfluxb_error|
|GRB090418816|17 31 12.0|-28 12 00|2009-04-18 19:35:24.918|   0.320|      6.178345e-01|            7.226465e-02|
|GRB090427644|14 00 00.0|-45 42 00|2009-04-27 15:27:00.856|   1.024|      6.360972e-01|            9.862898e-02|
|GRB120210650|03 38 36.0|-58 31 12|2012-02-10 15:35:43.281|   1.344|      7.126161e-01|            7.530142e-02|
|GRB120509619|13 01 33.6|+38 18 36|2012-05-09 14:52:02.840|   0.704|      7.252001e-01|            3.174616e-01|
|GRB170511648|10 40 09.6|+77 10 12|2017-05-11 15:33:05.264|   1.280|      8.602217e-01|            2.178359e-01|
|GRB090109332|08 38 24.0|+51 48 00|2009-01-09 07:58:29.493|   1.728|      9.284472e-01|            1.520515e-01|
|GRB150316400|01 03 33.6|+53 08 24|2015-03-16 09:36:09.199|   1.984|      9.522500e-01|            2.219143e-01|
|GRB150601904|05 18 40.8|-53 49 12|2015-06-01 21:41:10.405|   0.768|      9.621023e-01|            4.248315e-01|
|GRB150805746|21 44 19.2|-33 24 00|2015-08-05 17:54:12.510|   1.408|      1.030804e+00|            1.177299e-01|
|GRB131128629|23 41 13.9|+31 18 23|2013-11-28 15:06:25.283|   1.984|      1.100873e+00|            1.371049e-01|
|GRB130924910|05 14 21.6|+39 15 36|2013-09-24 21:51:01.640|   1.792|      1.111637e+00|            1.488124e-01|
|GRB120205285|16 13 40.1|+25 54 00|2012-02-05 06:51:05.307|   0.576|      1.123099e+00|            3.385567e-01|
|GRB160211119|08 12 48.0|+53 25 48|2016-02-11 02:50:48.276|   0.960|      1.141250e+00|            1.648414e-01|
|GRB161110179|16 59 38.4|-60 37 12|2016-11-10 04:17:51.739|   1.792|      1.145899e+00|            2.171332e-01|
|GRB141111435|03 24 52.8|+43 01 12|2014-11-11 10:26:59.591|   1.728|      1.146950e+00|            4.712629e-01|
|GRB171011810|11 48 09.6|+26 55 48|2017-10-11 19:26:27.946|   0.480|      1.150991e+00|            1.104288e+00|
|GRB160826938|06 57 50.4|-01 01 12|2016-08-26 22:30:50.878|   1.792|      1.168977e+00|            1.545807e-01|
|GRB120129312|01 46 04.8|-08 30 36|2012-01-29 07:29:14.054|   1.280|      1.238341e+00|            2.821600e-01|
|GRB180523782|11 13 31.2|+49 27 00|2018-05-23 18:46:28.107|   1.984|      1.249796e+00|            1.704541e-01|
|GRB160821937|18 39 56.9|+62 23 35|2016-08-21 22:29:13.333|   1.088|      1.298488e+00|            1.413538e-01|
|GRB141126233|16 15 28.8|+59 59 24|2014-11-26 05:35:56.536|   0.896|      1.322966e+00|            1.927141e-01|
|GRB090616157|06 52 16.8|-03 42 36|2009-06-16 03:45:42.532|   1.152|      1.326185e+00|            1.975938e-01|
|GRB121014638|21 21 26.4|-44 07 12|2012-10-14 15:19:00.585|   0.576|      1.328523e+00|            2.326871e-01|
|GRB150412507|12 27 09.6|+02 54 36|2015-04-12 12:10:36.742|   0.576|      1.339027e+00|            2.117227e-01|
|GRB081024891|21 31 36.0|+21 12 00|2008-10-24 21:22:40.864|   0.640|      1.342097e+00|            1.253934e-01|
|GRB121112806|05 15 55.2|-55 26 24|2012-11-12 19:20:44.265|   1.280|      1.348526e+00|            2.629188e-01|
|GRB090620901|16 05 31.2|-43 01 12|2009-06-20 21:37:35.751|   0.960|      1.357935e+00|            2.689990e-01|
|GRB150715136|10 29 02.4|+23 34 12|2015-07-15 03:15:28.189|   0.384|      1.408043e+00|            1.607402e-01|
|GRB160428412|01 52 45.6|-26 31 12|2016-04-28 09:53:17.762|   0.576|      1.417652e+00|            1.702453e-01|
|GRB120609580|04 29 16.8|+13 00 00|2012-06-09 13:54:35.623|   1.792|      1.418358e+00|            1.248559e-01|
|GRB180123820|08 19 26.4|+30 00 00|2018-01-23 19:40:49.774|   0.320|      1.458732e+00|            2.193865e-01|
|GRB090120627|02 32 24.0|-72 12 00|2009-01-20 15:02:22.759|   1.856|      1.475334e+00|            2.750133e-01|
|GRB120603439|13 15 10.6|+04 19 34|2012-06-03 10:32:09.854|   0.384|      1.479369e+00|            1.187586e-01|
|GRB180131528|20 28 14.4|-43 39 36|2018-01-31 12:39:52.102|   0.960|      1.494702e+00|            3.301607e-01|
|GRB100719311|20 19 28.8|-67 08 24|2010-07-19 07:28:17.623|   1.600|      1.512000e+00|            2.225787e-01|
|GRB081115891|12 42 24.0|+63 18 00|2008-11-15 21:22:28.147|   0.320|      1.515273e+00|            3.537852e-01|
|GRB090717111|16 27 48.0|+22 58 12|2009-07-17 02:40:31.786|   0.384|      1.526829e+00|            2.522981e-01|
|GRB120429003|11 03 55.2|-08 45 36|2012-04-29 00:04:07.264|   1.664|      1.537029e+00|            1.404718e-01|
|GRB180511437|17 11 07.2|+09 04 12|2018-05-11 10:29:52.606|   1.984|      1.586441e+00|            8.919723e-02|
|GRB100101988|04 42 38.4|+18 41 24|2010-01-01 23:42:15.183|   1.984|      1.593876e+00|            2.321820e-01|
|GRB140402007|13 50 22.1|+05 58 16|2014-04-02 00:10:06.998|   0.320|      1.609854e+00|            2.678461e-01|
|GRB130622615|20 50 57.6|+24 27 36|2013-06-22 14:45:53.204|   0.960|      1.623777e+00|            1.386607e-01|
|GRB100208386|17 21 00.0|+27 31 48|2010-02-08 09:15:33.942|   0.192|      1.628812e+00|            3.424826e-01|
|GRB150705588|04 26 09.6|-06 37 12|2015-07-05 14:07:11.608|   0.704|      1.632866e+00|            2.254060e-01|
|GRB081102365|15 01 12.0|+22 00 00|2008-11-02 08:45:00.506|   1.728|      1.647145e+00|            1.171084e-01|
|GRB090429753|08 20 50.4|+06 12 00|2009-04-29 18:03:57.512|   0.640|      1.660192e+00|            9.659407e-02|
|GRB121004211|09 09 50.4|-11 01 12|2012-10-04 05:03:18.192|   1.536|      1.661565e+00|            1.748994e-01|
|GRB150721431|16 46 24.0|+20 03 36|2015-07-21 10:21:06.447|   0.320|      1.664527e+00|            2.971427e-01|
|GRB150506972|01 57 00.0|-03 22 12|2015-05-06 23:19:15.198|   0.384|      1.677176e+00|            1.512699e-01|
|GRB120314412|01 11 33.6|-48 43 48|2012-03-14 09:52:34.674|   1.280|      1.687607e+00|            2.629363e-01|
|GRB110605780|16 08 21.6|-03 08 24|2011-06-05 18:42:49.045|   1.536|      1.695827e+00|            1.883291e-01|
|GRB090531775|16 48 14.4|-36 03 00|2009-05-31 18:35:56.492|   0.768|      1.695903e+00|            1.112411e-01|
|GRB090520832|22 08 00.0|+43 12 00|2009-05-20 19:57:53.976|   0.768|      1.700540e+00|            3.711593e-01|
|GRB170726249|11 05 40.8|-34 00 00|2017-07-26 05:58:15.420|   1.792|      1.720957e+00|            1.264444e-01|
|GRB141208632|23 57 02.4|+26 26 24|2014-12-08 15:09:58.319|   0.960|      1.759457e+00|            2.651211e-01|
|GRB101021063|00 01 50.4|+47 20 24|2010-10-21 01:30:31.658|   1.536|      1.770010e+00|            2.084618e-01|
|GRB150522944|08 43 26.4|+58 34 48|2015-05-22 22:38:44.068|   1.024|      1.772600e+00|            1.694876e-01|
|GRB110131780|12 15 09.6|+72 54 36|2011-01-31 18:42:38.573|   0.384|      1.773226e+00|            2.805832e-01|
|GRB150208929|23 22 40.8|+34 53 24|2015-02-08 22:17:18.616|   0.128|      1.775507e+00|            3.075234e-01|
|GRB160714097|15 37 50.6|+63 49 52|2016-07-14 02:19:15.618|   0.320|      1.801773e+00|            2.581049e-01|
|GRB160224911|21 19 28.8|+00 45 00|2016-02-24 21:51:22.871|   0.384|      1.802234e+00|            2.710384e-01|
|GRB150101641|12 32 00.0|-10 57 22|2015-01-01 15:23:34.468|   0.080|      1.806543e+00|            2.549493e-01|
|GRB140724533|20 58 55.2|-01 51 00|2014-07-24 12:47:48.975|   0.896|      1.807066e+00|            2.320780e-01|
|GRB120619884|12 42 57.6|-25 01 12|2012-06-19 21:13:16.913|   0.960|      1.814825e+00|            1.913385e-01|
|GRB081119184|23 06 00.0|+30 00 00|2008-11-19 04:25:27.059|   0.320|      1.827263e+00|            3.660383e-01|
|GRB121124606|05 51 43.2|+49 33 00|2012-11-24 14:32:07.299|   0.256|      1.829441e+00|            3.230704e-01|
|GRB101027230|05 16 04.8|+43 58 12|2010-10-27 05:30:30.762|   1.344|      1.840087e+00|            3.083557e-01|
|GRB110916016|00 16 26.4|+40 21 36|2011-09-16 00:23:01.648|   1.792|      1.843513e+00|            3.644342e-01|
|GRB091006360|16 12 26.4|-31 02 24|2009-10-06 08:38:46.928|   0.192|      1.850577e+00|            2.053344e-01|
|GRB160624477|22 00 45.8|+29 38 38|2016-06-24 11:27:01.353|   0.384|      1.861781e+00|            1.981302e-01|
|GRB110517453|19 44 21.6|-73 45 36|2011-05-17 10:52:35.409|   0.576|      1.868847e+00|            2.587087e-01|
|GRB140610487|13 16 12.0|+35 54 36|2014-06-10 11:41:21.757|   0.960|      1.874744e+00|            2.524893e-01|
|GRB100706693|17 00 38.4|+46 53 24|2010-07-06 16:38:18.924|   0.128|      1.878091e+00|            2.840663e-01|
|GRB180225417|12 03 55.2|-09 29 24|2018-02-25 10:00:54.175|   0.896|      1.878707e+00|            1.860004e-01|
|GRB131004904|19 44 27.6|-02 57 36|2013-10-04 21:41:03.682|   1.152|      1.880822e+00|            1.506155e-01|
|GRB110227009|09 54 52.8|-54 02 24|2011-02-27 00:12:28.226|   1.728|      1.897485e+00|            2.205707e-01|
|GRB131006367|21 41 31.2|-26 37 48|2013-10-06 08:48:21.365|   0.128|      1.903742e+00|            4.187805e-01|
|GRB081213173|00 51 36.0|-33 54 00|2008-12-13 04:09:41.636|   0.256|      1.906316e+00|            2.826296e-01|
|GRB150628767|23 08 04.8|-66 10 48|2015-06-28 18:23:57.191|   0.640|      1.916278e+00|            1.778249e-01|
|GRB140105748|16 51 31.2|+19 01 48|2014-01-05 17:56:32.642|   0.576|      1.921311e+00|            1.951953e-01|
|GRB090927422|22 55 48.0|-70 58 48|2009-09-27 10:07:17.214|   0.512|      1.957364e+00|            2.104805e-01|
|GRB090412061|00 05 12.0|-51 54 00|2009-04-12 01:28:05.253|   0.896|      1.958953e+00|            3.855384e-01|
|GRB100204858|06 05 09.6|-20 56 24|2010-02-04 20:36:03.767|   1.920|      1.960356e+00|            6.072865e-01|
|GRB080815917|16 03 36.0|-47 48 00|2008-08-15 22:00:05.085|   0.832|      1.963516e+00|            2.319483e-01|
|GRB171230119|21 41 09.6|-12 21 00|2017-12-30 02:51:26.141|   1.280|      1.963608e+00|            2.041384e-01|
|GRB130716442|11 58 19.4|+63 03 25|2013-07-16 10:36:53.588|   0.768|      1.972528e+00|            3.373293e-01|
|GRB091223191|13 32 55.2|+76 21 00|2009-12-23 04:35:10.355|   0.576|      2.003411e+00|            2.184766e-01|
|GRB100516396|19 50 43.2|+18 39 36|2010-05-16 09:30:38.317|   0.640|      2.013186e+00|            4.675225e-01|
|GRB110213876|00 25 07.2|+27 32 24|2011-02-13 21:00:51.342|   0.448|      2.018607e+00|            3.174686e-01|
|GRB101104810|10 44 04.8|-07 04 48|2010-11-04 19:26:14.051|   1.280|      2.020606e+00|            1.375242e-01|
|GRB120916085|05 28 09.6|-19 13 12|2012-09-16 02:02:15.905|   1.280|      2.021434e+00|            4.551000e-01|
|GRB111001804|22 40 02.4|-15 19 48|2011-10-01 19:17:58.576|   0.384|      2.022549e+00|            2.841744e-01|
|GRB160603719|13 01 38.4|-22 57 36|2016-06-03 17:15:56.076|   0.384|      2.024510e+00|            2.448619e-01|
|GRB120822628|12 06 52.8|+80 33 36|2012-08-22 15:03:56.399|   1.536|      2.031252e+00|            3.718614e-01|
|GRB080725541|23 39 12.0|+08 54 00|2008-07-25 12:59:23.762|   0.960|      2.035932e+00|            1.601598e-01|
|GRB150629564|20 30 36.0|-26 27 00|2015-06-29 13:32:40.688|   1.920|      2.037026e+00|            1.381563e-01|
|GRB141113346|11 24 04.8|+80 15 36|2014-11-13 08:17:43.503|   0.448|      2.040474e+00|            2.712104e-01|
|GRB081229187|11 30 24.0|+56 54 00|2008-12-29 04:29:01.880|   0.768|      2.048745e+00|            2.455025e-01|
|GRB130404877|01 53 09.6|+56 29 24|2013-04-04 21:02:11.029|   0.960|      2.063333e+00|            3.248606e-01|
|GRB160314473|10 47 57.6|+02 49 48|2016-03-14 11:21:25.488|   1.664|      2.071547e+00|            3.404702e-01|
|GRB140526571|09 31 57.6|-10 57 00|2014-05-26 13:42:54.719|   0.064|      2.071681e+00|            3.471330e-01|
|GRB110728056|11 06 24.0|+20 06 36|2011-07-28 01:20:22.816|   0.704|      2.077452e+00|            2.362044e-01|
|GRB101224227|19 03 42.2|+45 42 54|2010-12-24 05:27:13.862|   1.728|      2.084099e+00|            2.316309e-01|
|GRB140105065|13 52 52.8|+50 10 12|2014-01-05 01:33:01.014|   1.088|      2.085971e+00|            1.463781e-01|
|GRB120629565|11 44 38.4|-00 36 00|2012-06-29 13:34:11.681|   0.704|      2.087149e+00|            3.492110e-01|
|GRB170827818|03 15 09.6|-65 22 48|2017-08-27 19:38:04.465|   0.832|      2.091130e+00|            1.607564e-01|
|GRB150214293|22 50 19.2|-34 10 12|2015-02-14 07:01:22.650|   0.192|      2.130927e+00|            2.102584e-01|
|GRB110509475|04 58 36.0|-26 58 48|2011-05-09 11:24:15.579|   0.640|      2.136257e+00|            1.517843e-01|
|GRB130705398|10 25 12.0|+47 24 36|2013-07-05 09:33:03.959|   0.128|      2.143248e+00|            2.862388e-01|
|GRB170711713|18 34 26.4|+17 14 24|2017-07-11 17:06:36.477|   1.152|      2.156071e+00|            2.082043e-01|
|GRB171219279|17 58 28.8|-18 01 48|2017-12-19 06:42:17.079|   1.152|      2.162148e+00|            2.339366e-01|
|GRB150412931|14 41 02.4|+20 07 48|2015-04-12 22:20:36.202|   0.640|      2.166255e+00|            2.126246e-01|
|GRB181126162|05 22 19.2|+18 42 36|2018-11-26 03:52:50.350|   1.664|      2.181009e+00|            2.048473e-01|
|GRB090331681|14 02 00.0|+03 06 00|2009-03-31 16:20:20.385|   0.832|      2.183699e+00|            2.231627e-01|
|GRB170926782|22 56 28.8|-26 15 00|2017-09-26 18:46:05.164|   0.896|      2.192818e+00|            1.181526e-01|
|GRB080919790|14 38 00.0|+44 24 00|2008-09-19 18:57:35.105|   0.512|      2.197894e+00|            3.428599e-01|
|GRB101208203|14 09 36.0|+04 02 24|2010-12-08 04:52:56.916|   0.192|      2.213118e+00|            2.177965e-01|
|GRB120415891|12 42 45.6|+04 54 36|2012-04-15 21:23:41.026|   0.960|      2.215135e+00|            2.608519e-01|
|GRB161026373|04 30 48.0|+41 51 00|2016-10-26 08:57:16.281|   0.112|      2.220552e+00|            2.313858e-01|
|GRB080723913|07 33 12.0|-19 42 00|2008-07-23 21:55:23.058|   0.192|      2.237087e+00|            2.236466e-01|
|GRB150728151|06 41 45.6|+17 03 36|2015-07-28 03:37:26.494|   1.728|      2.260028e+00|            1.762117e-01|
|GRB170918139|02 26 14.4|+03 31 12|2017-09-18 03:20:22.880|   0.128|      2.261444e+00|            3.498975e-01|
|GRB170915520|17 19 19.2|-10 33 36|2017-09-15 12:28:16.266|   0.640|      2.270057e+00|            1.907200e-01|
|GRB170912985|05 34 16.8|+07 12 00|2017-09-12 23:38:12.673|   0.480|      2.300426e+00|            3.041576e-01|
|GRB180201706|16 45 16.8|-43 28 12|2018-02-01 16:55:58.599|   0.192|      2.302739e+00|            1.863103e-01|
|GRB120915000|13 57 24.0|+67 19 12|2012-09-15 00:00:41.638|   0.576|      2.324979e+00|            2.366908e-01|
|GRB081012045|04 38 48.0|+04 30 00|2008-10-12 01:05:22.783|   1.216|      2.326224e+00|            1.597279e-01|
|GRB111207512|10 59 31.2|-17 56 24|2011-12-07 12:17:16.205|   0.768|      2.358330e+00|            4.967334e-01|
|GRB141031998|08 52 19.2|-33 40 48|2014-10-31 23:57:20.923|   0.160|      2.359760e+00|            3.147865e-01|
|GRB180227211|06 34 26.4|-05 26 24|2018-02-27 05:04:16.561|   0.288|      2.389510e+00|            3.058895e-01|
|GRB090909854|03 36 43.2|-25 01 48|2009-09-09 20:29:52.740|   1.152|      2.392250e+00|            3.305308e-01|
|GRB131217108|05 46 21.6|+30 36 00|2013-12-17 02:36:11.564|   0.768|      2.403017e+00|            1.881450e-01|
|GRB111024896|06 04 55.2|-01 45 00|2011-10-24 21:30:02.244|   0.960|      2.406537e+00|            2.911386e-01|
|GRB120212353|20 13 36.0|-48 06 00|2012-02-12 08:27:47.590|   0.864|      2.414871e+00|            4.208086e-01|
|GRB120524134|23 52 36.0|-15 36 36|2012-05-24 03:12:54.679|   0.704|      2.421044e+00|            2.758301e-01|
|GRB110424758|19 33 14.4|-11 07 12|2011-04-24 18:11:36.646|   0.672|      2.422299e+00|            3.224070e-01|
|GRB141205337|06 11 26.2|+37 52 34|2014-12-05 08:05:17.491|   1.280|      2.439381e+00|            3.572269e-01|
|GRB160829334|13 23 33.8|-55 52 59|2016-08-29 08:01:37.643|   0.512|      2.451708e+00|            2.815278e-01|
|GRB180617872|07 07 33.6|+24 52 12|2018-06-17 20:55:23.463|   1.920|      2.474782e+00|            1.772951e-01|
|GRB101116481|02 08 00.0|-81 12 00|2010-11-16 11:32:26.737|   0.576|      2.480935e+00|            3.476053e-01|
|GRB140518709|16 16 09.6|-77 51 36|2014-05-18 17:00:43.425|   0.704|      2.489533e+00|            6.500929e-01|
|GRB111103948|13 26 19.2|-43 09 36|2011-11-03 22:45:05.721|   0.320|      2.490698e+00|            1.967070e-01|
|GRB140501139|11 27 31.2|+24 38 24|2014-05-01 03:19:41.406|   0.256|      2.494467e+00|            4.007827e-01|
|GRB110422029|15 06 45.6|+43 01 12|2011-04-22 00:41:48.555|   0.320|      2.504064e+00|            3.262642e-01|
|GRB180715755|15 40 16.6|-00 55 30|2018-07-15 18:07:05.061|   0.704|      2.522467e+00|            2.031737e-01|
|GRB141124277|09 00 16.8|+78 10 48|2014-11-24 06:38:20.736|   0.512|      2.528185e+00|            3.403649e-01|
|GRB090305052|09 00 00.0|+74 18 00|2009-03-05 01:14:35.728|   1.856|      2.528855e+00|            1.083084e-01|
|GRB081226044|08 02 00.0|-69 00 00|2008-12-26 01:03:37.526|   0.832|      2.531911e+00|            2.929427e-01|
|GRB090108322|00 01 36.0|-32 54 00|2009-01-08 07:43:23.360|   0.192|      2.536592e+00|            2.463948e-01|
|GRB171207055|20 57 33.6|+51 40 12|2017-12-07 01:18:42.452|   0.176|      2.547489e+00|            2.845053e-01|
|GRB120814803|06 02 16.8|+33 07 48|2012-08-14 19:16:06.746|   0.192|      2.593906e+00|            4.935200e-01|
|GRB170111760|07 50 26.4|+61 31 12|2017-01-11 18:14:36.125|   0.832|      2.600187e+00|            2.944935e-01|
|GRB120608489|15 19 55.2|-26 07 12|2012-06-08 11:43:51.831|   0.960|      2.617809e+00|            1.890476e-01|
|GRB140626843|08 03 14.4|+38 46 48|2014-06-26 20:14:14.248|   1.792|      2.645000e+00|            1.509376e-01|
|GRB180715741|14 02 36.0|+82 03 36|2018-07-15 17:47:19.090|   1.664|      2.648324e+00|            1.613723e-01|
|GRB180417689|20 36 48.0|-19 30 36|2018-04-17 16:32:45.654|   0.256|      2.655480e+00|            2.157016e-01|
|GRB150912600|21 25 26.4|+73 15 36|2015-09-12 14:24:31.612|   0.320|      2.669907e+00|            2.037411e-01|
|GRB170127634|01 19 54.4|-30 21 32|2017-01-27 15:13:28.769|   1.728|      2.677432e+00|            2.154895e-01|
|GRB170714049|01 12 48.0|+29 32 24|2017-07-14 01:10:51.123|   0.224|      2.683102e+00|            3.403897e-01|
|GRB161015400|11 21 48.0|+58 12 00|2016-10-15 09:36:01.104|   0.192|      2.689495e+00|            3.369516e-01|
|GRB140109771|06 50 57.6|+29 45 36|2014-01-09 18:30:06.161|   0.704|      2.697992e+00|            5.501280e-01|
|GRB180404848|06 46 38.4|+12 33 36|2018-04-04 20:20:31.558|   0.544|      2.700700e+00|            3.308667e-01|
|GRB081122614|10 05 36.0|-02 06 00|2008-11-22 14:43:26.232|   0.192|      2.705355e+00|            3.485375e-01|
|GRB151229486|23 05 57.6|+06 54 36|2015-12-29 11:40:06.468|   0.160|      2.708566e+00|            3.555617e-01|
|GRB081024245|01 51 36.0|+61 18 00|2008-10-24 05:53:09.006|   0.832|      2.716567e+00|            4.812868e-01|
|GRB130204484|07 02 33.6|+41 55 12|2013-02-04 11:36:51.704|   0.192|      2.720521e+00|            2.551483e-01|
|GRB180625941|02 36 31.2|-62 18 36|2018-06-25 22:34:41.709|   0.704|      2.727508e+00|            3.612446e-01|
|GRB081107321|03 24 00.0|+17 06 00|2008-11-07 07:42:01.115|   1.664|      2.738991e+00|            8.814681e-02|
|GRB091224373|22 04 40.8|+18 15 36|2009-12-24 08:57:36.557|   0.768|      2.755740e+00|            6.157702e-01|
|GRB120302722|01 36 21.6|+09 42 36|2012-03-02 17:19:59.082|   1.600|      2.788815e+00|            4.303579e-01|
|GRB150923297|21 07 12.0|+31 49 12|2015-09-23 07:07:36.184|   0.192|      2.819984e+00|            3.271240e-01|
|GRB100417166|17 25 14.4|+50 22 48|2010-04-17 03:59:43.728|   0.192|      2.821469e+00|            2.816181e-01|
|GRB180913783|23 23 24.0|+44 22 12|2018-09-13 18:48:07.540|   0.768|      2.825944e+00|            1.858332e-01|
|GRB130325005|02 01 45.6|+62 03 36|2013-03-25 00:07:46.818|   0.640|      2.850769e+00|            4.596496e-01|
|GRB081113230|11 21 12.0|+56 18 00|2008-11-13 05:31:32.897|   0.576|      2.853846e+00|            3.589695e-01|
|GRB100616773|22 51 38.4|+03 05 24|2010-06-16 18:32:32.896|   0.192|      2.861236e+00|            4.300343e-01|
|GRB141230871|16 27 43.2|-40 10 48|2014-12-30 20:54:05.714|   0.224|      2.866000e+00|            3.293611e-01|
|GRB130919173|19 49 24.0|-11 43 48|2013-09-19 04:09:40.261|   0.960|      2.866790e+00|            1.595814e-01|
|GRB151202565|21 45 57.6|-24 40 12|2015-12-02 13:33:49.808|   0.704|      2.868650e+00|            2.687574e-01|
|GRB150101270|20 50 24.7|+36 44 00|2015-01-01 06:28:53.761|   0.480|      2.881856e+00|            5.027860e-01|
|GRB180206203|15 22 57.6|+20 23 24|2018-02-06 04:52:03.002|   0.448|      2.901481e+00|            2.181221e-01|
|GRB081230871|13 50 24.0|-17 18 00|2008-12-30 20:53:40.937|   0.512|      2.923926e+00|            6.225323e-01|
|GRB120616630|05 18 45.6|+56 26 24|2012-06-16 15:06:50.639|   0.048|      2.943620e+00|            4.377198e-01|
|GRB170304003|22 02 00.0|-73 45 36|2017-03-04 00:04:26.070|   0.160|      2.963830e+00|            2.509382e-01|
|GRB111022854|06 58 00.0|-33 06 36|2011-10-22 20:29:23.704|   0.192|      2.966613e+00|            3.043857e-01|
|GRB160804968|06 13 02.4|-07 39 36|2016-08-04 23:13:33.821|   0.192|      2.969406e+00|            1.921333e-01|
|GRB170121133|16 07 57.6|+13 48 36|2017-01-21 03:10:52.025|   1.600|      2.974644e+00|            3.704313e-01|
|GRB080905499|19 10 48.0|-18 54 00|2008-09-05 11:58:55.038|   0.960|      2.984852e+00|            2.341226e-01|
|GRB130503214|14 18 52.8|-11 33 00|2013-05-03 05:08:28.949|   0.880|      2.990201e+00|            4.851300e-01|
|GRB140129499|12 13 36.0|-10 19 12|2014-01-29 11:59:01.631|   0.128|      2.993002e+00|            4.061390e-01|
|GRB170203486|16 20 21.6|-00 30 36|2017-02-03 11:40:25.855|   0.336|      3.015896e+00|            4.994572e-01|
|GRB081101491|06 23 12.0|-00 06 00|2008-11-01 11:46:32.058|   0.128|      3.033572e+00|            2.969945e-01|
|GRB080831053|14 04 48.0|-51 42 00|2008-08-31 01:16:14.752|   0.576|      3.049676e+00|            5.027878e-01|
|GRB180511364|16 41 40.8|-08 10 48|2018-05-11 08:43:35.786|   0.128|      3.087930e+00|            3.736243e-01|
|GRB160820496|00 45 21.1|+24 55 59|2016-08-20 11:54:10.646|   0.448|      3.088681e+00|            1.846087e-01|
|GRB140710537|00 11 12.0|-38 52 48|2014-07-10 12:53:05.515|   0.384|      3.091390e+00|            3.472773e-01|
|GRB150506630|05 05 16.8|+67 48 36|2015-05-06 15:07:05.617|   0.512|      3.092475e+00|            1.971107e-01|
|GRB170403583|17 17 21.4|+18 22 23|2017-04-03 13:59:17.798|   0.480|      3.111694e+00|                        |
|GRB180525151|06 53 09.6|+19 55 48|2018-05-25 03:37:59.082|   0.544|      3.120844e+00|            3.571145e-01|
|GRB101129652|10 31 00.0|-17 15 00|2010-11-29 15:39:31.658|   0.384|      3.123923e+00|            2.134070e-01|
|GRB121023322|20 55 26.4|-04 22 48|2012-10-23 07:44:16.946|   0.512|      3.126328e+00|            1.628876e-01|
|GRB151022577|07 21 28.8|+40 13 48|2015-10-22 13:51:02.089|   0.320|      3.130714e+00|            2.842356e-01|
|GRB170818137|19 48 52.8|+06 21 00|2017-08-18 03:17:19.979|   0.576|      3.133268e+00|            2.585859e-01|
|GRB140720158|11 40 07.2|-32 18 36|2014-07-20 03:47:25.368|   0.320|      3.135475e+00|            3.923575e-01|
|GRB100525744|16 47 16.8|+41 02 24|2010-05-25 17:51:25.081|   1.472|      3.157922e+00|            2.616419e-01|
|GRB140605377|08 07 09.6|-53 51 36|2014-06-05 09:02:50.651|   0.512|      3.172328e+00|            2.204813e-01|
|GRB130626452|18 12 31.2|-09 31 52|2013-06-26 10:51:03.814|   1.728|      3.176925e+00|            5.133617e-01|
|GRB090907808|05 24 14.4|+20 30 00|2009-09-07 19:23:47.474|   0.832|      3.182458e+00|            1.451638e-01|
|GRB171108656|07 19 48.5|+29 05 28|2017-11-08 15:44:46.504|   0.032|      3.187768e+00|            2.186643e-01|
|GRB120814201|01 44 45.6|+22 27 00|2012-08-14 04:49:12.579|   0.896|      3.190456e+00|            2.493705e-01|
|GRB100328141|10 23 45.6|+47 01 48|2010-03-28 03:22:44.605|   0.384|      3.196940e+00|            1.795497e-01|
|GRB150301045|16 17 08.6|-48 41 49|2015-03-01 01:04:28.648|   0.416|      3.199538e+00|            4.442477e-01|
|GRB090308734|01 27 36.0|-54 18 00|2009-03-08 17:36:24.699|   1.664|      3.200288e+00|            1.137637e-01|
|GRB150312403|19 01 57.6|-86 00 00|2015-03-12 09:40:45.706|   0.320|      3.207054e+00|            3.646975e-01|
|GRB170709334|20 40 09.6|+02 12 00|2017-07-09 08:00:23.979|   1.856|      3.215896e+00|            2.315678e-01|
|GRB170325331|08 29 55.9|+20 31 34|2017-03-25 07:56:58.041|   0.576|      3.216398e+00|            3.060553e-01|
|GRB090405663|14 47 36.0|-09 12 00|2009-04-05 15:54:41.341|   0.448|      3.223057e+00|            3.888747e-01|
|GRB110801335|16 33 04.8|-57 03 36|2011-08-01 08:01:43.086|   0.384|      3.239641e+00|            3.750051e-01|
|GRB141213300|16 32 45.6|+18 03 36|2014-12-13 07:12:15.429|   0.768|      3.244171e+00|            1.740892e-01|
|GRB100612545|04 14 07.2|+13 44 24|2010-06-12 13:04:21.656|   0.576|      3.246964e+00|            1.929058e-01|
|GRB160411062|23 17 25.7|-40 14 32|2016-04-11 01:28:52.518|   0.672|      3.250536e+00|            4.876952e-01|
|GRB120830297|05 54 00.4|-28 42 05|2012-08-30 07:07:03.533|   0.896|      3.270851e+00|            1.163214e-01|
|GRB170506169|07 29 02.4|+51 52 12|2017-05-06 04:02:48.201|   0.832|      3.271997e+00|            3.324012e-01|
|GRB120410585|10 38 31.2|-17 00 00|2012-04-10 14:02:00.192|   1.088|      3.275873e+00|            3.169112e-01|
|GRB150923864|04 28 55.2|-50 00 36|2015-09-23 20:44:23.646|   1.792|      3.297363e+00|            1.010360e-01|
|GRB081226509|01 42 00.0|-47 24 00|2008-12-26 12:13:10.705|   0.192|      3.333622e+00|            2.663201e-01|
|GRB101216721|18 57 04.8|-20 58 12|2010-12-16 17:17:52.544|   1.917|      3.335887e+00|            7.591986e-02|
|GRB150604434|04 49 45.6|-21 35 24|2015-06-04 10:24:43.802|   0.896|      3.341057e+00|            1.800089e-01|
|GRB141105406|01 07 38.4|+29 10 12|2014-11-05 09:44:47.213|   1.280|      3.370179e+00|            1.537065e-01|
|GRB120101354|12 23 28.8|+52 54 36|2012-01-01 08:30:06.908|   0.128|      3.397229e+00|            3.749687e-01|
|GRB100216422|10 17 12.0|+35 30 00|2010-02-16 10:07:00.187|   0.192|      3.444021e+00|            3.667833e-01|
|GRB111117510|00 50 46.2|+23 00 39|2011-11-17 12:13:42.029|   0.432|      3.463880e+00|            2.570250e-01|
|GRB141122087|00 38 50.4|-20 01 12|2014-11-22 02:05:26.172|   1.280|      3.473652e+00|            4.011567e-01|
|GRB140511095|21 59 02.4|-30 03 36|2014-05-11 02:17:11.560|   1.408|      3.474875e+00|            2.675631e-01|
|GRB130802730|05 21 07.2|-07 37 12|2013-08-02 17:31:52.803|   0.064|      3.494241e+00|            4.685086e-01|
|GRB161230298|19 40 09.6|-51 10 12|2016-12-30 07:09:25.792|   0.448|      3.517920e+00|            4.172735e-01|
|GRB130617564|04 58 55.2|-60 03 36|2013-06-17 13:32:49.850|   0.768|      3.521042e+00|            5.173498e-01|
|GRB130706900|19 57 26.4|+56 28 48|2013-07-06 21:36:07.810|   0.128|      3.559923e+00|            3.827483e-01|
|GRB141128962|21 27 12.0|-35 45 36|2014-11-28 23:05:53.838|   0.272|      3.576534e+00|            3.235439e-01|
|GRB120327418|11 21 38.4|+23 45 36|2012-03-27 10:01:49.234|   0.256|      3.586234e+00|            4.505534e-01|
|GRB081223419|07 30 00.0|+33 12 00|2008-12-23 10:03:57.148|   0.576|      3.606407e+00|            1.586128e-01|
|GRB130127743|16 44 12.0|-17 04 12|2013-01-27 17:50:23.934|   0.144|      3.609152e+00|            3.899043e-01|
|GRB101031625|12 16 28.8|-07 28 12|2010-10-31 14:59:32.727|   0.384|      3.614087e+00|            3.458625e-01|
|GRB090819607|03 16 19.2|-67 07 12|2009-08-19 14:34:27.468|   0.192|      3.617415e+00|            3.873276e-01|
|GRB161115745|23 26 21.6|+58 03 36|2016-11-15 17:52:31.624|   0.032|      3.631410e+00|            5.538884e-01|
|GRB180130744|09 07 19.2|+52 41 24|2018-01-30 17:51:26.791|   0.256|      3.631657e+00|            1.027628e+00|
|GRB130808253|10 50 52.8|+33 22 48|2013-08-08 06:04:33.691|   0.256|      3.638478e+00|            3.509195e-01|
|GRB100107074|00 25 14.4|-21 14 24|2010-01-07 01:46:31.865|   0.576|      3.640464e+00|            6.317616e-01|
|GRB121116459|12 03 31.2|-74 47 24|2012-11-16 11:00:24.600|   0.832|      3.653286e+00|            4.531180e-01|
|GRB150923429|17 51 14.4|-40 39 36|2015-09-23 10:18:17.924|   0.192|      3.665311e+00|            4.022368e-01|
|GRB130701761|21 43 45.6|-30 53 24|2013-07-01 18:15:30.713|   1.600|      3.673904e+00|            9.257880e-02|
|GRB150609316|03 29 02.4|+31 37 48|2015-06-09 07:35:19.383|   0.256|      3.696226e+00|            5.384937e-01|
|GRB090924625|04 38 55.2|-65 01 12|2009-09-24 14:59:54.011|   0.352|      3.749971e+00|            3.825131e-01|
|GRB160806584|18 17 54.5|+10 36 25|2016-08-06 14:00:58.421|   1.664|      3.760227e+00|            1.466038e-01|
|GRB081204517|10 03 12.0|+30 30 00|2008-12-04 12:24:25.793|   0.192|      3.775652e+00|            3.364719e-01|
|GRB150325696|08 52 33.6|+37 45 00|2015-03-25 16:42:02.495|   0.080|      3.811130e+00|            3.923104e-01|
|GRB141202470|09 32 17.5|+54 09 40|2014-12-02 11:17:05.606|   1.408|      3.829678e+00|            1.165405e-01|
|GRB160804180|08 11 26.4|+50 18 00|2016-08-04 04:18:43.244|   0.640|      3.837433e+00|            1.713907e-01|
|GRB130416770|03 24 50.4|-18 15 00|2013-04-16 18:28:53.296|   0.192|      3.892372e+00|            2.372498e-01|
|GRB180311074|03 35 48.0|-35 46 12|2018-03-11 01:45:53.301|   0.960|      3.895535e+00|            7.979047e-01|
|GRB150605782|14 31 26.4|+14 42 36|2015-06-05 18:46:19.036|   0.176|      3.924041e+00|            5.778697e-01|
|GRB160612842|23 13 27.4|-25 22 30|2016-06-12 20:12:47.549|   0.288|      3.935098e+00|            2.798480e-01|
|GRB170124528|00 43 24.0|+11 01 12|2017-01-24 12:40:29.032|   0.448|      3.952334e+00|            4.297504e-01|
|GRB170604603|22 41 45.6|+40 40 12|2017-06-04 14:28:05.086|   0.320|      3.957007e+00|            2.415576e-01|
|GRB130219626|14 06 24.0|+12 13 12|2013-02-19 15:01:13.946|   1.536|      3.957062e+00|            4.032776e-01|
|GRB080802386|10 17 12.0|+40 42 00|2008-08-02 09:15:10.527|   0.576|      3.964925e+00|            3.441328e-01|
|GRB090108020|17 23 12.0|+46 00 00|2009-01-08 00:29:02.365|   0.704|      3.968484e+00|            1.557746e-01|
|GRB090206620|10 24 48.0|+08 48 00|2009-02-06 14:52:42.171|   0.320|      3.992588e+00|            2.618851e-01|
|GRB151228129|14 16 01.0|-17 41 20|2015-12-28 03:05:12.462|   0.256|      4.015541e+00|            5.023866e-01|
|GRB140329272|06 09 24.0|-41 04 48|2014-03-29 06:31:21.774|   0.064|      4.024796e+00|            3.720179e-01|
|GRB171030729|04 56 21.6|-19 33 00|2017-10-30 17:29:45.122|   0.096|      4.031685e+00|            6.501487e-01|
|GRB100929916|12 12 07.2|-24 56 24|2010-09-29 21:59:45.821|   0.320|      4.056447e+00|            2.700981e-01|
|GRB101129726|18 06 09.6|+01 00 36|2010-11-29 17:25:25.340|   0.576|      4.057158e+00|            1.839162e-01|
|GRB151222340|23 40 43.2|+36 42 00|2015-12-22 08:10:13.624|   0.768|      4.064037e+00|            2.596953e-01|
|GRB151231568|10 00 19.2|+28 48 36|2015-12-31 13:38:08.165|   0.832|      4.086657e+00|            1.812307e-01|
|GRB110526715|06 49 55.2|-16 25 12|2011-05-26 17:09:01.809|   0.448|      4.152022e+00|            2.257647e-01|
|GRB130307126|10 23 59.0|+22 59 53|2013-03-07 03:01:44.471|   0.384|      4.224750e+00|            1.993170e-01|
|GRB130912358|03 10 21.7|+13 59 44|2013-09-12 08:34:57.996|   0.512|      4.251080e+00|            2.374090e-01|
|GRB170826369|04 17 21.1|+21 04 26|2017-08-26 08:51:07.514|   0.256|      4.264957e+00|            2.962314e-01|
|GRB081105614|14 23 12.0|+38 42 00|2008-11-05 14:43:51.287|   1.280|      4.267050e+00|            6.361238e-01|
|GRB090814368|22 09 55.2|+58 55 12|2009-08-14 08:49:41.222|   0.192|      4.279480e+00|            2.793086e-01|
|GRB120612687|02 38 40.8|-37 54 36|2012-06-12 16:29:44.557|   0.256|      4.280018e+00|            3.937241e-01|
|GRB120519721|12 01 00.0|+20 33 00|2012-05-19 17:18:14.970|   1.056|      4.316103e+00|            1.979381e-01|
|GRB161218222|07 00 38.4|-19 40 12|2016-12-18 05:19:23.178|   0.320|      4.353519e+00|            2.780461e-01|
|GRB130628860|20 51 19.2|+06 06 00|2013-06-28 20:38:01.789|   0.512|      4.382932e+00|            2.374256e-01|
|GRB180626392|19 00 14.4|+44 49 12|2018-06-26 09:23:50.648|   0.960|      4.383299e+00|            4.701209e-01|
|GRB100301068|07 20 33.6|-15 40 48|2010-03-01 01:37:18.634|   0.960|      4.385222e+00|            5.031825e-01|
|GRB091126333|05 33 00.0|-19 16 12|2009-11-26 07:59:24.762|   0.192|      4.391469e+00|            3.160641e-01|
|GRB091019750|15 04 07.2|+80 19 48|2009-10-19 18:00:40.881|   0.208|      4.394674e+00|            5.562868e-01|
|GRB101204343|12 47 38.4|+55 40 12|2010-12-04 08:14:18.605|   0.128|      4.415757e+00|            4.740242e-01|
|GRB100117879|00 45 02.4|-01 35 38|2010-01-17 21:06:19.663|   0.256|      4.418039e+00|            3.930826e-01|
|GRB141102112|14 52 55.2|-17 25 12|2014-11-02 02:41:16.339|   0.016|      4.449456e+00|            7.697679e-01|
|GRB160408268|08 10 29.5|+71 07 42|2016-04-08 06:25:43.857|   1.056|      4.551518e+00|            2.382323e-01|
|GRB120811014|02 54 37.9|-31 40 30|2012-08-11 00:20:30.288|   0.448|      4.612630e+00|            2.428172e-01|
|GRB160406503|17 27 11.3|+32 15 47|2016-04-06 12:04:36.798|   0.432|      4.628449e+00|            3.180470e-01|
|GRB170222209|19 31 49.4|+28 12 40|2017-02-22 05:00:59.080|   1.664|      4.673588e+00|            1.578544e-01|
|GRB150901924|01 05 21.6|+13 31 12|2015-09-01 22:10:44.471|   0.256|      4.717425e+00|            9.998555e-01|
|GRB121012724|02 13 40.8|+14 34 48|2012-10-12 17:22:16.386|   0.448|      4.771745e+00|            2.634510e-01|
|GRB180128215|00 49 02.4|-26 06 00|2018-01-28 05:09:56.598|   0.208|      4.814909e+00|            4.426982e-01|
|GRB171126235|15 51 21.6|+46 45 36|2017-11-26 05:38:43.709|   1.472|      4.827881e+00|            1.032203e-01|
|GRB120831901|09 36 04.8|-16 12 36|2012-08-31 21:37:31.875|   0.384|      4.832951e+00|            5.086033e-01|
|GRB160726065|06 35 17.0|-06 38 38|2016-07-26 01:34:07.718|   0.768|      4.875271e+00|            2.119169e-01|
|GRB180402406|16 47 37.2|-14 57 47|2018-04-02 09:44:59.367|   0.448|      4.918662e+00|            2.830544e-01|
|GRB180204109|22 00 32.2|+30 50 17|2018-02-04 02:36:16.926|   1.152|      4.939783e+00|            1.683627e-01|
|GRB150810485|18 52 48.0|+21 10 48|2015-08-10 11:38:08.910|   1.280|      4.947856e+00|            1.903449e-01|
|GRB100223110|06 58 00.0|+03 42 00|2010-02-23 02:38:09.306|   0.256|      4.963415e+00|            3.192119e-01|
|GRB150906944|14 08 09.6|+01 05 24|2015-09-06 22:38:47.307|   0.320|      5.009201e+00|            4.201329e-01|
|GRB180602938|05 44 12.0|-62 46 48|2018-06-02 22:31:05.342|   0.008|      5.060126e+00|            4.420790e-01|
|GRB150811849|12 25 23.5|-14 06 18|2015-08-11 20:22:13.749|   0.640|      5.204923e+00|            2.302446e-01|
|GRB090510016|22 14 24.0|-26 36 00|2009-05-10 00:22:59.971|   0.960|      5.220408e+00|            1.299187e-01|
|GRB180402481|22 34 31.2|-27 49 12|2018-04-02 11:32:11.626|   0.256|      5.256244e+00|            5.671616e-01|
|GRB111011094|02 31 50.4|-12 31 48|2011-10-11 02:15:09.895|   1.472|      5.284308e+00|            3.288349e-01|
|GRB090328713|10 22 48.0|+33 24 00|2009-03-28 17:07:04.937|   0.192|      5.291597e+00|            2.942921e-01|
|GRB091018957|21 27 19.2|-23 04 48|2009-10-18 22:58:20.603|   0.192|      5.356154e+00|            6.650783e-01|
|GRB170305256|02 34 38.4|+12 05 24|2017-03-05 06:09:06.784|   0.448|      5.379199e+00|            1.851328e-01|
|GRB110420946|21 20 10.8|-41 16 37|2011-04-20 22:42:11.734|   0.128|      5.392971e+00|            6.233487e-01|
|GRB110409179|15 54 48.0|-34 19 12|2011-04-09 04:17:20.600|   0.128|      5.418741e+00|            4.481947e-01|
|GRB090621922|20 53 43.7|+69 00 47|2009-06-21 22:07:25.701|   0.384|      5.458799e+00|            5.897509e-01|
|GRB100629801|15 24 50.4|+27 48 36|2010-06-29 19:14:03.353|   0.832|      5.470148e+00|            2.984432e-01|
|GRB090617208|05 15 33.6|+15 39 00|2009-06-17 04:59:58.576|   0.192|      5.544631e+00|            3.442425e-01|
|GRB101026034|17 34 48.0|-00 22 12|2010-10-26 00:49:16.140|   0.256|      5.570928e+00|            6.146772e-01|
|GRB170816599|23 23 21.8|+12 51 11|2017-08-16 14:23:03.955|   1.600|      5.603287e+00|            1.697844e-01|
|GRB100811108|23 03 28.8|+15 51 36|2010-08-11 02:35:49.363|   0.384|      5.814817e+00|            2.551760e-01|
|GRB121127914|11 45 45.1|-52 24 50|2012-11-27 21:56:00.318|   0.640|      5.824071e+00|            3.384221e-01|
|GRB140624423|01 32 38.4|-00 33 36|2014-06-24 10:08:40.895|   0.096|      5.835521e+00|            4.438167e-01|
|GRB150128624|08 30 36.0|+63 09 00|2015-01-28 14:58:54.503|   0.096|      5.838185e+00|            9.880866e-01|
|GRB110529034|07 53 19.2|+67 54 36|2011-05-29 00:48:42.871|   0.512|      5.950710e+00|            2.138337e-01|
|GRB140807500|13 20 38.4|+26 29 24|2014-08-07 11:59:33.484|   0.512|      5.995191e+00|            2.451512e-01|
|GRB081216531|08 36 48.0|+07 36 00|2008-12-16 12:43:59.994|   0.768|      6.025067e+00|            1.971081e-01|
|GRB111112908|14 54 52.8|+28 48 36|2011-11-12 21:47:48.164|   0.224|      6.044908e+00|            2.985715e-01|
|GRB171223818|07 43 21.6|-33 28 48|2017-12-23 19:38:15.073|   0.384|      6.056821e+00|            2.272653e-01|
|GRB100206563|03 08 38.8|+13 09 28|2010-02-06 13:30:05.390|   0.176|      6.078459e+00|            3.336319e-01|
|GRB120222021|19 58 12.0|+26 29 24|2012-02-22 00:29:36.130|   1.088|      6.095118e+00|            1.634970e-01|
|GRB140619490|20 19 50.4|-39 10 48|2014-06-19 11:46:01.532|   0.448|      6.102677e+00|            6.837538e-01|
|GRB091012783|07 17 36.0|+87 16 12|2009-10-12 18:47:02.770|   0.704|      6.326293e+00|            2.744940e-01|
|GRB130804023|18 40 07.2|-76 09 00|2013-08-04 00:33:15.527|   0.960|      6.376585e+00|            2.267063e-01|
|GRB150922234|19 37 31.4|-05 29 10|2015-09-22 05:37:29.076|   0.144|      6.384330e+00|            3.316671e-01|
|GRB140428906|00 08 01.4|+68 10 19|2014-04-28 21:44:38.599|   0.320|      6.527298e+00|            5.810894e-01|
|GRB150320462|09 19 55.2|+68 55 48|2015-03-20 11:05:31.599|   0.064|      6.818946e+00|            1.401805e+00|
|GRB081209981|03 01 12.0|+63 30 00|2008-12-09 23:31:56.389|   0.192|      6.840924e+00|            4.007153e-01|
|GRB130515056|18 53 41.3|-54 16 52|2013-05-15 01:21:17.876|   0.256|      6.891081e+00|            4.631115e-01|
|GRB100827455|12 55 36.0|+71 53 24|2010-08-27 10:55:49.333|   0.576|      6.937459e+00|            3.717445e-01|
|GRB090219074|01 46 00.0|+59 12 00|2009-02-19 01:46:18.149|   0.448|      6.965197e+00|            1.431086e+00|
|GRB150118927|10 40 18.5|-27 33 18|2015-01-18 22:14:32.661|   0.288|      7.103387e+00|            3.188972e-01|
|GRB100625773|01 03 10.8|-39 05 18|2010-06-25 18:32:28.472|   0.240|      7.224676e+00|            5.246494e-01|
|GRB170219002|03 39 22.3|+50 04 19|2017-02-19 00:03:07.123|   0.096|      7.411339e+00|            6.611117e-01|
|GRB141011282|17 11 45.4|-09 40 52|2014-10-11 06:46:20.361|   0.080|      8.574635e+00|            3.987103e-01|
|GRB170708046|22 23 20.4|+19 47 53|2017-07-08 01:06:11.256|   0.144|      8.733749e+00|            3.647207e-01|
|GRB110212550|20 45 19.2|-74 30 00|2011-02-12 13:12:33.523|   0.064|      8.982064e+00|            5.239353e-01|
|GRB110705151|10 24 05.8|+40 05 56|2011-07-05 03:37:11.938|   0.192|      9.345271e+00|            3.077337e-01|
|GRB120817168|00 33 14.4|-26 25 41|2012-08-17 04:02:29.723|   0.160|      9.511378e+00|            3.607240e-01|
|GRB160822672|18 08 31.0|+03 35 02|2016-08-22 16:07:40.010|   0.040|      9.824755e+00|            6.657971e-01|
|GRB180313978|21 10 02.4|-26 33 00|2018-03-13 23:28:17.529|   0.080|      1.012520e+01|            7.657229e-01|
|GRB090227772|00 47 12.0|+32 12 00|2009-02-27 18:31:01.407|   0.304|      1.042806e+01|            1.986987e-01|
|GRB130504314|23 11 48.5|-05 44 20|2013-05-04 07:32:03.386|   0.384|      1.063051e+01|            2.847809e-01|
|GRB140209313|05 25 18.7|+32 29 17|2014-02-09 07:30:58.230|   1.408|      1.068718e+01|            1.406650e-01|
|GRB120624309|00 19 05.5|+07 10 01|2012-06-24 07:24:25.339|   0.640|      1.100453e+01|            2.486273e-01|
|GRB090802235|05 37 19.2|+34 05 24|2009-08-02 05:39:03.082|   0.048|      1.103478e+01|            7.143901e-01|
|GRB131126163|14 21 43.2|+53 31 48|2013-11-26 03:54:10.431|   0.128|      1.108124e+01|            5.908071e-01|
|GRB110717180|20 33 52.8|-07 51 00|2011-07-17 04:19:50.660|   0.112|      1.118758e+01|            1.011007e+00|
|GRB100805300|01 31 12.0|+34 11 24|2010-08-05 07:12:12.477|   0.064|      1.152879e+01|            1.699841e+00|
|GRB170206453|14 11 09.6|+14 28 48|2017-02-06 10:51:57.696|   1.168|      1.181894e+01|            1.476556e-01|
|GRB200415367|00 47 32.4|-25 15 47|2020-04-15 08:48:05.564|   0.144|      1.283368e+01|            3.660114e-01|
|GRB090228204|07 07 12.0|-24 18 00|2009-02-28 04:53:20.911|   0.448|      1.292908e+01|            2.610332e-01|
|GRB180703949|06 27 40.8|-29 52 48|2018-07-03 22:46:51.317|   1.536|      1.298744e+01|            1.487830e-01|
|GRB140901821|01 03 16.8|-32 45 36|2014-09-01 19:41:37.575|   0.176|      1.409987e+01|            3.630743e-01|
|GRB180201780|05 03 16.8|+52 30 00|2018-02-01 18:43:45.497|   0.640|      1.490415e+01|            2.261212e+00|
|GRB150819440|03 57 32.6|+39 42 04|2015-08-19 10:33:19.497|   0.960|      1.615628e+01|            2.778746e-01|
|GRB111222619|11 56 46.3|+69 02 10|2011-12-22 14:51:55.023|   0.288|      1.825983e+01|            5.530763e-01|
|GRB170127067|22 37 19.2|-63 56 24|2017-01-27 01:35:47.791|   0.128|      2.175829e+01|            1.101446e+00|
|GRB120323507|22 41 37.7|+29 43 01|2012-03-23 12:10:19.723|   0.384|      2.997462e+01|            3.804407e-01|
